(0.001200,0.001200)
(0.003200,0.003200)
(0.006000,0.006000)
(0.009600,0.009600)
(0.014000,0.014000)
(0.019200,0.019200)
(0.025200,0.025200)
(0.032000,0.032000)
(0.039600,0.039600)
(0.048000,0.048000)
(0.057200,0.057200)
(0.067200,0.067200)
(0.078000,0.078000)
(0.089600,0.089600)
(0.102000,0.102000)
(0.115200,0.115200)
(0.129200,0.129200)
(0.144000,0.144000)
(0.159600,0.159600)
(0.176000,0.176000)
(0.193200,0.193200)
(0.211200,0.211200)
(0.230000,0.230000)
(0.249600,0.249600)
(0.270000,0.270000)
(0.291200,0.291200)
(0.313200,0.313200)
(0.336000,0.336000)
(0.359600,0.359600)
(0.384000,0.384000)
(0.409200,0.409200)
(0.435200,0.435200)
(0.462000,0.462000)
(0.489600,0.489600)
(0.518000,0.518000)
(0.547200,0.547200)
(0.577200,0.577200)
(0.608000,0.608000)
(0.639600,0.639600)
(0.672000,0.672000)
(0.705200,0.705200)
(0.739200,0.739200)
(0.774000,0.774000)
(0.809600,0.809600)
(0.846000,0.846000)
(0.883200,0.883200)
(0.921200,0.921200)
(0.960000,0.960000)
(0.999600,0.999600)
(1.040000,1.040000)
(1.081200,1.081200)
(1.123200,1.123200)
(1.166000,1.166000)
(1.209600,1.209600)
(1.254000,1.254000)
(1.299200,1.299200)
(1.345200,1.345200)
(1.392000,1.392000)
(1.439600,1.439600)
(1.488000,1.488000)
(1.537200,1.537200)
(1.587200,1.587200)
(1.638000,1.638000)
(1.689600,1.689600)
(1.742000,1.742000)
(1.795200,1.795200)
(1.849200,1.849200)
(1.904000,1.904000)
(1.959600,1.959600)
(2.016000,2.016000)
(2.073200,2.073200)
(2.131200,2.131200)
(2.190000,2.190000)
(2.249600,2.249600)
(2.310000,2.310000)
(2.371200,2.371200)
(2.433200,2.433200)
(2.496000,2.496000)
(2.559600,2.559600)
(2.624000,2.624000)
(2.689200,2.689200)
(2.755200,2.755200)
(2.822000,2.822000)
(2.889600,2.889600)
(2.958000,2.958000)
(3.027200,3.027200)
(3.097200,3.097200)
(3.168000,3.168000)
(3.239600,3.239600)
(3.312000,3.312000)
(3.385200,3.385200)
(3.459200,3.459200)
(3.534000,3.534000)
(3.609600,3.609600)
(3.686000,3.686000)
(3.763200,3.763200)
(3.841200,3.841200)
(3.920000,3.920000)
(3.999600,3.999600)
(4.080000,4.080000)
(4.161200,4.161200)
(4.243200,4.243200)
(4.326000,4.326000)
(4.409600,4.409600)
(4.494000,4.494000)
(4.579200,4.579200)
(4.665200,4.665200)
(4.752000,4.752000)
(4.839600,4.839600)
(4.928000,4.928000)
(5.017200,5.017200)
(5.107200,5.107200)
(5.198000,5.198000)
(5.289600,5.289600)
(5.382000,5.382000)
(5.475200,5.475200)
(5.569200,5.569200)
(5.664000,5.664000)
(5.759600,5.759600)
(5.856000,5.856000)
(5.953200,5.953200)
(6.051200,6.051200)
(6.150000,6.150000)
(6.249600,6.249600)
(6.350000,6.350000)
(6.451200,6.451200)
(6.553200,6.553200)
(6.656000,6.656000)
(6.759600,6.759600)
(6.864000,6.864000)
(6.969200,6.969200)
(7.075200,7.075200)
(7.182000,7.182000)
(7.289600,7.289600)
(7.398000,7.398000)
(7.507200,7.507200)
(7.617200,7.617200)
(7.728000,7.728000)
(7.839600,7.839600)
(7.952000,7.952000)
(8.065200,8.065200)
(8.179200,8.179200)
(8.294000,8.294000)
(8.409600,8.409600)
(8.526000,8.526000)
(8.643200,8.643200)
(8.761200,8.761200)
(8.880000,8.880000)
(8.999600,8.999600)
(9.120000,9.120000)
(9.241200,9.241200)
(9.363200,9.363200)
(9.486000,9.486000)
(9.609600,9.609600)
(9.734000,9.734000)
(9.859200,9.859200)
(9.985200,9.985200)
(10.112000,10.112000)
(10.239600,10.239600)
(10.368000,10.368000)
(10.497200,10.497200)
(10.627200,10.627200)
(10.758000,10.758000)
(10.889600,10.889600)
(11.022000,11.022000)
(11.155200,11.155200)
(11.289200,11.289200)
(11.424000,11.424000)
(11.559600,11.559600)
(11.696000,11.696000)
(11.833200,11.833200)
(11.971200,11.971200)
(12.110000,12.110000)
(12.249600,12.249600)
(12.390000,12.390000)
(12.531200,12.531200)
(12.673200,12.673200)
