65 0
66 0
67 0
68 0
69 0
70 0
71 0
72 0
73 0
74 0
75 0
76 0
76 1
77 0
77 1
78 0
78 1
79 0
79 1
80 0
80 1
81 0
81 1
82 0
82 1
83 0
83 1
84 0
84 1
85 0
85 1
86 0
86 1
87 0
87 1
87 2
87 4
88 0
88 1
88 2
88 4
89 0
89 1
89 2
89 4
90 0
90 1
90 2
90 4
91 0
91 1
91 2
91 4
92 0
92 1
92 2
92 4
93 0
93 1
93 2
93 4
94 0
94 1
94 2
94 4
95 0
95 1
95 2
95 4
96 0
96 1
96 2
96 4
97 0
97 1
97 2
97 4
98 0
98 1
98 2
98 4
99 0
99 1
99 2
99 4
99 6
100 0
100 1
100 2
100 3
100 4
100 6
101 0
101 1
101 2
101 3
101 4
101 6
102 0
102 1
102 2
102 3
102 4
102 6
103 0
103 1
103 2
103 3
103 4
103 6
104 0
104 1
104 2
104 3
104 4
104 6
105 0
105 1
105 2
105 3
105 4
105 6
106 0
106 1
106 2
106 3
106 4
106 6
107 0
107 1
107 2
107 3
107 4
107 6
108 0
108 1
108 2
108 3
108 4
108 6
109 0
109 1
109 2
109 3
109 4
109 6
110 0
110 1
110 2
110 3
110 4
110 6
111 0
111 1
111 2
111 3
111 4
111 5
111 6
111 8
112 0
112 1
112 2
112 3
112 4
112 5
112 6
112 8
113 0
113 1
113 2
113 3
113 4
113 5
113 6
113 8
114 0
114 1
114 2
114 3
114 4
114 5
114 6
114 8
115 0
115 1
115 2
115 3
115 4
115 5
115 6
115 8
116 0
116 1
116 2
116 3
116 4
116 5
116 6
116 8
117 0
117 1
117 2
117 3
117 4
117 5
117 6
117 8
117 11
118 0
118 1
118 2
118 3
118 4
118 5
118 6
118 8
118 11
119 0
119 1
119 2
119 3
119 4
119 5
119 6
119 8
119 11
120 0
120 1
120 2
120 3
120 4
120 5
120 6
120 8
120 11
121 0
121 1
121 2
121 3
121 4
121 5
121 6
121 8
121 11
122 0
122 1
122 2
122 3
122 4
122 5
122 6
122 8
122 11
123 0
123 1
123 2
123 3
123 4
123 5
123 6
123 8
123 10
123 11
124 0
124 1
124 2
124 3
124 4
124 5
124 6
124 7
124 8
124 10
124 11
125 0
125 1
125 2
125 3
125 4
125 5
125 6
125 7
125 8
125 10
125 11
126 0
126 1
126 2
126 3
126 4
126 5
126 6
126 7
126 8
126 10
126 11
127 0
127 1
127 2
127 3
127 4
127 5
127 6
127 7
127 8
127 10
127 11
128 0
128 1
128 2
128 3
128 4
128 5
128 6
128 7
128 8
128 10
128 11
129 0
129 1
129 2
129 3
129 4
129 5
129 6
129 7
129 8
129 10
129 11
129 14
130 0
130 1
130 2
130 3
130 4
130 5
130 6
130 7
130 8
130 10
130 11
130 14
131 1
131 2
131 3
131 4
131 5
131 6
131 7
131 8
131 10
131 11
131 14
132 1
132 2
132 3
132 4
132 5
132 6
132 7
132 8
132 10
132 11
132 14
133 1
133 2
133 3
133 4
133 5
133 6
133 7
133 8
133 10
133 11
133 14
134 1
134 2
134 3
134 4
134 5
134 6
134 7
134 8
134 10
134 11
134 14
135 1
135 2
135 3
135 5
135 6
135 7
135 8
135 10
135 11
135 13
135 14
136 1
136 2
136 3
136 5
136 6
136 7
136 8
136 9
136 10
136 11
136 13
136 14
137 1
137 2
137 3
137 5
137 6
137 7
137 8
137 9
137 10
137 11
137 13
137 14
138 1
138 2
138 3
138 5
138 6
138 7
138 8
138 9
138 10
138 11
138 13
138 14
139 1
139 2
139 3
139 5
139 6
139 7
139 8
139 9
139 10
139 11
139 13
139 14
140 1
140 2
140 3
140 5
140 6
140 7
140 8
140 9
140 10
140 11
140 13
140 14
141 1
141 2
141 3
141 5
141 6
141 7
141 8
141 9
141 10
141 11
141 13
141 14
142 2
142 3
142 5
142 6
142 7
142 8
142 9
142 10
142 11
142 13
142 14
142 16
143 2
143 3
143 5
143 6
143 7
143 8
143 9
143 10
143 11
143 13
143 14
143 16
144 2
144 3
144 5
144 6
144 7
144 8
144 9
144 10
144 11
144 13
144 14
144 16
145 2
145 3
145 5
145 6
145 7
145 8
145 9
145 10
145 11
145 13
145 14
145 16
146 2
146 3
146 5
146 6
146 7
146 8
146 9
146 10
146 11
146 13
146 14
146 16
147 2
147 3
147 5
147 7
147 8
147 9
147 10
147 11
147 13
147 14
147 15
147 16
148 2
148 3
148 5
148 7
148 8
148 9
148 10
148 11
148 12
148 13
148 14
148 15
148 16
149 2
149 3
149 5
149 7
149 8
149 9
149 10
149 11
149 12
149 13
149 14
149 15
149 16
150 2
150 3
150 5
150 7
150 8
150 9
150 10
150 11
150 12
150 13
150 14
150 15
150 16
151 2
151 3
151 5
151 7
151 8
151 9
151 10
151 11
151 12
151 13
151 14
151 15
151 16
152 2
152 3
152 5
152 7
152 8
152 9
152 10
152 11
152 12
152 13
152 14
152 15
152 16
153 3
153 5
153 7
153 8
153 9
153 10
153 11
153 12
153 13
153 14
153 15
153 16
153 18
154 3
154 5
154 7
154 8
154 9
154 10
154 11
154 12
154 13
154 14
154 15
154 16
154 18
155 3
155 5
155 7
155 8
155 9
155 10
155 12
155 13
155 14
155 15
155 16
155 18
156 3
156 5
156 7
156 8
156 9
156 10
156 12
156 13
156 14
156 15
156 16
156 18
157 3
157 5
157 7
157 8
157 9
157 10
157 12
157 13
157 14
157 15
157 16
157 18
158 3
158 5
158 7
158 8
158 9
158 10
158 12
158 13
158 14
158 15
158 16
158 18
159 3
159 5
159 7
159 9
159 10
159 12
159 13
159 14
159 15
159 16
159 18
160 3
160 5
160 7
160 9
160 10
160 12
160 13
160 14
160 15
160 16
160 17
160 18
161 3
161 5
161 7
161 9
161 10
161 12
161 13
161 14
161 15
161 16
161 17
161 18
162 3
162 5
162 7
162 9
162 10
162 12
162 13
162 14
162 15
162 16
162 17
162 18
163 3
163 5
163 7
163 9
163 10
163 12
163 13
163 14
163 15
163 16
163 17
163 18
164 3
164 5
164 7
164 9
164 10
164 12
164 13
164 14
164 15
164 16
164 17
164 18
165 5
165 7
165 9
165 10
165 12
165 13
165 14
165 15
165 16
165 17
165 18
165 20
166 5
166 7
166 9
166 10
166 12
166 13
166 14
166 15
166 16
166 17
166 18
166 20
167 5
167 7
167 9
167 10
167 12
167 13
167 14
167 15
167 16
167 17
167 18
167 20
168 5
168 7
168 9
168 10
168 12
168 13
168 15
168 16
168 17
168 18
168 20
169 5
169 7
169 9
169 10
169 12
169 13
169 15
169 16
169 17
169 18
169 20
170 5
170 7
170 9
170 10
170 12
170 13
170 15
170 16
170 17
170 18
170 20
171 5
171 7
171 9
171 12
171 13
171 15
171 16
171 17
171 18
171 19
171 20
172 5
172 7
172 9
172 12
172 13
172 15
172 16
172 17
172 18
172 19
172 20
173 5
173 7
173 9
173 12
173 13
173 15
173 16
173 17
173 18
173 19
173 20
174 5
174 7
174 9
174 12
174 13
174 15
174 16
174 17
174 18
174 19
174 20
175 5
175 7
175 9
175 12
175 13
175 15
175 16
175 17
175 18
175 19
175 20
176 5
176 7
176 9
176 12
176 13
176 15
176 16
176 17
176 18
176 19
176 20
177 7
177 9
177 12
177 13
177 15
177 16
177 17
177 18
177 19
177 20
178 7
178 9
178 12
178 13
178 15
178 16
178 17
178 18
178 19
178 20
178 21
179 7
179 9
179 12
179 13
179 15
179 16
179 17
179 18
179 19
179 20
179 21
180 7
180 9
180 12
180 13
180 15
180 17
180 18
180 19
180 20
180 21
181 7
181 9
181 12
181 13
181 15
181 17
181 18
181 19
181 20
181 21
182 7
182 9
182 12
182 13
182 15
182 17
182 18
182 19
182 20
182 21
183 7
183 9
183 12
183 15
183 17
183 18
183 19
183 20
183 21
184 7
184 9
184 12
184 15
184 17
184 18
184 19
184 20
184 21
185 7
185 9
185 12
185 15
185 17
185 18
185 19
185 20
185 21
186 7
186 9
186 12
186 15
186 17
186 18
186 19
186 20
186 21
187 7
187 9
187 12
187 15
187 17
187 18
187 19
187 20
187 21
188 7
188 9
188 12
188 15
188 17
188 18
188 19
188 20
188 21
189 7
189 9
189 12
189 15
189 17
189 18
189 19
189 20
189 21
190 9
190 12
190 15
190 17
190 18
190 19
190 20
190 21
190 22
191 9
191 12
191 15
191 17
191 19
191 20
191 21
191 22
192 9
192 12
192 15
192 17
192 19
192 20
192 21
192 22
193 9
193 12
193 15
193 17
193 19
193 20
193 21
193 22
194 9
194 12
194 15
194 17
194 19
194 20
194 21
194 22
195 9
195 12
195 17
195 19
195 20
195 21
195 22
196 9
196 12
196 17
196 19
196 20
196 21
196 22
197 9
197 12
197 17
197 19
197 20
197 21
197 22
198 9
198 12
198 17
198 19
198 20
198 21
198 22
199 9
199 12
199 17
199 19
199 20
199 21
199 22
200 9
200 12
200 17
200 19
200 20
200 21
200 22
201 9
201 12
201 17
201 19
201 20
201 21
201 22
201 23
202 12
202 17
202 19
202 20
202 21
202 22
202 23
203 12
203 17
203 19
203 20
203 21
203 22
203 23
204 12
204 17
204 19
204 21
204 22
204 23
205 12
205 17
205 19
205 21
205 22
205 23
206 12
206 17
206 19
206 21
206 22
206 23
207 12
207 17
207 19
207 21
207 22
207 23
208 12
208 19
208 21
208 22
208 23
209 12
209 19
209 21
209 22
209 23
210 12
210 19
210 21
210 22
210 23
211 12
211 19
211 21
211 22
211 23
212 12
212 19
212 21
212 22
212 23
213 19
213 21
213 22
213 23
214 19
214 21
214 22
214 23
215 19
215 21
215 22
215 23
216 19
216 22
216 23
217 19
217 22
217 23
218 19
218 22
218 23
219 22
219 23
220 22
220 23
221 22
221 23
222 22
222 23
223 22
223 23
224 22
224 23
225 22
225 23
226 22
226 23
227 23
228 23
229 23
230 23
231 23
232 23
233 23
234 23
235 23
236 23
237 23
238 23
239 23
